,trading_value,return_1d,return_3d,return_5d,return_20d,return_60d,close_ma5_ratio,close_ma20_ratio,close_ma60_ratio,momentum_5d,momentum_20d,momentum_diff,momentum_accel,relative_return_5d_vs_market,relative_return_20d_vs_market,relative_return_20d_vs_sector,momentum_rank_pct,volume_change_1d,relative_trading_value,trading_value_rank_pct,volatility_5d,volatility_20d,intraday_range_5d,atr_percent,volatility_rank_pct,body,upper_shadow,lower_shadow,body_ratio,close_position,high_20d,low_20d,close_to_20d_high,close_to_20d_low,breakout_strength,breakout_rank_pct,rsi14,rsi_change_5d,macd_hist_ratio,bb_position,bb_width,bb_position_change_5d,rsi_rank_pct,macd_rank_pct,bb_position_rank_pct,atr_rank_pct,return_5d_rank_pct,return_20d_rank_pct,momentum_20d_rank_pct,momentum_diff_rank_pct,volume_change_rank_pct,bb_width_rank_pct,low_rebound_rank_pct,relative_return_5d_rank_pct,sector_relative_rank_pct,nasdaq_return_1d,sox_return_1d,sp500_return_1d,vix_change_1d,usdkrw_return_1d,wti_return_1d
trading_value,1.0,0.05059224381574805,0.08618266658288534,0.10676771126456958,0.18026001572166717,0.20948641559392378,0.08468063062551079,0.15656007553094597,0.21127467287261806,0.10676771126456958,0.18026001572166717,-0.14879312560002245,0.007365001998877416,0.11286126615440678,0.17478205860146326,0.17478205860146326,0.11155665385998886,0.005678431710825185,0.07019473569689369,0.08916363375839215,0.11224286909782429,0.10378245821751138,0.07891842903834119,0.06517745649401377,0.06633834750227073,0.04240600584322897,0.03761376148802271,0.037438439658032174,0.023038841303970214,0.03054510421772226,0.21605902122824683,0.17052704288139348,0.03723597853717711,0.18756011843196152,0.10178204909772406,0.11032490626238799,0.1343060252636891,0.012115740302913713,0.06131207772276419,0.09866484377587406,0.14506919071168348,0.009811318292678102,0.12300800228727127,0.05934692964842069,0.0986894888460554,0.00815741164700042,0.07551419292568383,0.11155665385998886,0.11155665385998886,-0.09332295579147908,0.018092761698158284,0.08280962290431583,0.10829301851725315,0.07551419292568383,0.11155665385998886,0.0011502942130700003,0.012368566472466236,0.0008227282965375916,0.006363865346058038,0.007776827491109302,0.007107002327574964
return_1d,0.05059224381574805,1.0,0.5644052065718849,0.43709448435917697,0.2315232991554714,0.14005006555223623,0.7309496382639517,0.3900023677239664,0.23853765190623255,0.43709448435917697,0.2315232991554714,-0.020664022194870145,0.7057011427473433,0.39536966162635967,0.2056961894165495,0.2056961894165495,0.18152632111802436,0.25013887673537444,0.3566293408678046,0.1968692649336892,0.10841945709428531,0.04850183985618997,0.05133628978685895,-0.05895446996734889,0.04070804447684623,0.8551966662096554,0.1352634806205573,0.03535006813926192,5.461352641071779e-05,0.5864265429076385,0.004654194126632187,0.0016095166280982905,0.3025302574202841,0.27591471682323004,0.3639723343798535,0.3184583007518025,0.32304970395221166,0.41316296952641207,0.177042009507813,0.41847716709939103,0.039015831061432145,0.4091301394159536,0.27397951542903165,0.15293158307769625,0.3321168249344027,-0.02290496083522459,0.3416136642260749,0.18152632111802436,0.18152632111802436,-0.0031343005708747615,0.18801091811028084,0.0291318729333239,0.2609194392107944,0.3416136642260749,0.18152632111802436,0.0501041303255708,0.04868868195290131,0.047442386084271475,-0.049251261475640795,-0.147464005204832,0.010563136848661126
return_3d,0.08618266658288534,0.5644052065718849,1.0,0.7670763393625305,0.39418289842580717,0.24397112207016283,0.9424839846035036,0.6384398244303177,0.40602277692409666,0.7670763393625305,0.39418289842580717,-0.02256700376270663,0.4040194594975063,0.6990512872799131,0.3594552735242639,0.3594552735242639,0.309490386320988,0.13377807402183944,0.3996587202582342,0.28145827360901293,0.18890288893812832,0.08351864711290503,0.12240397768129696,-0.07564883632049857,0.0783429083387022,0.48026604982044035,0.11638584300343735,0.11772948795363306,0.0042312000594892174,0.34600393403326934,0.014602255966121849,0.004927889717781781,0.4442932860087135,0.4526808719872877,0.5329810135171215,0.46063146390974996,0.5205016347350384,0.659174042744683,0.4697159513333274,0.617022180479503,0.1055005334295842,0.6071073535235332,0.43940656586976906,0.3786222577476272,0.5093868554991691,-0.013698929215687354,0.5893385675338093,0.309490386320988,0.309490386320988,-0.0005504798424363959,0.042629476125780885,0.06890328374569657,0.3972931947043891,0.5893385675338093,0.309490386320988,0.04040092862083073,0.05179936176134518,0.04129151188146616,-0.03614444938339297,-0.09985882773251574,0.006348972862369186
return_5d,0.10676771126456958,0.43709448435917697,0.7670763393625305,1.0,0.5054307717608667,0.31594811406259504,0.8055206804838518,0.7749773583100596,0.5135133792801931,1.0,0.5054307717608667,-0.01953868051712521,0.3241581670188431,0.9066712599720964,0.46306728525579177,0.46306728525579177,0.3965936073744534,0.09696407110495964,0.3800210771393505,0.30522931471833636,0.2552130574605873,0.11309603958572977,0.1958452036743491,-0.06676408402217822,0.10761976307649601,0.3631438326280047,0.12916475013217305,0.12659126066129983,-0.0015981162605910695,0.26139806988655057,0.024658197076331014,0.008419201496565016,0.5096691341598756,0.5628714306867001,0.6150777689370566,0.5308037295282665,0.6269334167901278,0.7932431454400002,0.675450716394465,0.697510413778544,0.173454934095477,0.6929383427727909,0.5292479219422153,0.5371981006793491,0.5879023836218368,0.007847924375336211,0.7729075982013373,0.3965936073744534,0.3965936073744534,0.0015025494280138869,0.018021283247828708,0.1027360941423025,0.4741357653690875,0.7729075982013373,0.3965936073744534,0.026899045097982795,0.02185357599442454,0.030742899955429306,-0.017884634874272904,-0.0748763950352885,0.013211769656136057
return_20d,0.18026001572166717,0.2315232991554714,0.39418289842580717,0.5054307717608667,1.0,0.6195456757594227,0.4091433507783427,0.845187109876646,0.8615699160274215,0.5054307717608667,1.0,-0.8725778900594032,0.012620966140087161,0.4687675604132049,0.9175808274306536,0.9175808274306536,0.7806345392337631,0.042852740545007165,0.21518800075843733,0.16331865741336613,0.26393110612504206,0.3149535744663672,0.3246152065772703,0.17082192585551534,0.2633912194494854,0.19449457875171766,0.15261042779158285,0.19531041008342456,-0.01708067441737642,0.1510225671100278,0.09096741993065212,0.03963201923702492,0.476740521530838,0.8523971366981798,0.6648130173832955,0.5893375028386991,0.7721617431595414,0.1238423792234876,0.548449266643511,0.6318743958985007,0.4346940424020175,0.029338230271615532,0.6630682844354275,0.44094873621228736,0.5543862111827317,0.20037693293712075,0.37119338173650596,0.7806345392337631,0.7806345392337631,-0.6719183514529935,-0.004990056018851184,0.2466130183130322,0.6164632918724597,0.37119338173650596,0.7806345392337631,-0.0005978063756122406,0.010436221949628802,0.0021743779523776393,0.012260252712876075,-0.013256306075375602,0.018437253036445733
return_60d,0.20948641559392378,0.14005006555223623,0.24397112207016283,0.31594811406259504,0.6195456757594227,1.0,0.24683281726833572,0.515931128483316,0.8539247282892327,0.315948114062595,0.6195456757594228,-0.5402617529652671,0.0014331196116473014,0.30942193220465447,0.602632685068163,0.602632685068163,0.4490742265029528,0.01510150494957584,0.09071950505274572,0.0712236373945566,0.283617889361763,0.37566165054520595,0.37554593406393066,0.32713221260876796,0.2861090867537497,0.1228647521080511,0.16716251430225643,0.2223297386242413,-0.01834806874190916,0.1074557910824029,0.16500805898052986,0.09942377479821005,0.15949207494979714,0.6153845721371735,0.36079989001586404,0.3515150724347168,0.5473696255201098,0.012936037105016396,0.08877172866231477,0.3570354277086442,0.402542788639908,0.012678020789018146,0.4986481108156689,0.05761699255438367,0.33387028177097067,0.27659390941660217,0.22466946851700012,0.4490742265029528,0.4490742265029528,-0.3811133277061219,-0.004211106293626123,0.2442046346740131,0.41825244309552695,0.22466946851700012,0.4490742265029528,-0.01195058467340534,0.0013790801590502176,-0.011251749240709832,0.008624596624917408,0.00900431355887013,0.026575749932945456
close_ma5_ratio,0.08468063062551079,0.7309496382639517,0.9424839846035036,0.8055206804838518,0.4091433507783427,0.24683281726833572,1.0,0.6684501869477495,0.4190957091308083,0.805520680483852,0.4091433507783427,-0.01798679113746201,0.5265778561663326,0.7266982283866923,0.3685057435041412,0.3685057435041412,0.3244738080827671,0.17038981506971426,0.4239523458597918,0.293771508126878,0.16512864220221715,0.06190120640122326,0.0963413482536012,-0.1062448710679462,0.06417596633403007,0.620792490791444,0.1234435214469854,0.09856259144102066,-0.0005506034601173876,0.4429705034702946,0.01057544947526047,0.0037754625801172175,0.4920396900044025,0.4624518308617109,0.5737897560823276,0.4941913768293642,0.5539596074648104,0.7046156275537372,0.48206524318056415,0.6597816985455665,0.08567541627374049,0.6535205391670568,0.46372310449235554,0.38710205352416693,0.5400988214625767,-0.03273179976806158,0.6267047603881629,0.3244738080827671,0.3244738080827671,0.0020359602569527137,0.08506378254854496,0.05566680370699011,0.41689534185314275,0.6267047603881629,0.3244738080827671,0.04817319235281772,0.05103848784351131,0.049560703720493246,-0.04081212966554354,-0.11876322127963004,0.006141887223024046
close_ma20_ratio,0.15656007553094597,0.3900023677239664,0.6384398244303177,0.7749773583100596,0.845187109876646,0.515931128483316,0.6684501869477495,1.0,0.789343124056547,0.7749773583100596,0.845187109876646,-0.5405960646295315,0.09029249721189563,0.7089276999836288,0.7712419799090771,0.7712419799090771,0.6772120351994874,0.08484514875365122,0.3604806548008502,0.2998949326074598,0.2577287903061374,0.19847850863987684,0.26956111681397377,0.009044499992685367,0.1812458107737148,0.3321831883035514,0.1486198937884823,0.17342330733309896,-0.01241048507518212,0.24793660926273298,0.057399174259003614,0.02460211457204142,0.6485092669376522,0.8135610068276685,0.7927135026875558,0.6884761675207548,0.8547757449282897,0.4237920020484908,0.8167006899369285,0.82280971707681,0.31696200160502647,0.30036094632646987,0.7222610690822043,0.6613603946639448,0.7059539746335266,0.09094064230113647,0.5929052686284857,0.6772120351994874,0.6772120351994874,-0.4235636258560474,0.011419631175031678,0.17178817755205228,0.6475050730974748,0.5929052686284857,0.6772120351994874,0.017311618497217,0.02001013422821734,0.023638629614179514,-0.0049471623833943846,-0.04278201971230848,0.023256195143551088
close_ma60_ratio,0.21127467287261806,0.23853765190623255,0.40602277692409666,0.5135133792801931,0.8615699160274215,0.8539247282892327,0.4190957091308083,0.789343124056547,1.0,0.5135133792801931,0.8615699160274215,-0.7095391199719866,0.023462655511793083,0.4834771495832139,0.8040304616063189,0.8040304616063189,0.669018261766005,0.04012880352217879,0.19812791923896186,0.15533828074493292,0.29385133428233906,0.334723442137019,0.36371986708323356,0.2218015210326308,0.27003872831886283,0.2024773898699881,0.16748020251319815,0.22193111001914367,-0.019092450376747377,0.16564090855153069,0.1340219417211942,0.07782660820059087,0.4057801421801492,0.7871015804951479,0.5984136248635826,0.5491174826178651,0.7943834344558174,0.12086959848882164,0.3578596759776623,0.5932600345427227,0.41711967124919014,0.068352005969777,0.6993451125350231,0.2786847163143858,0.5303399422376562,0.2228274108263712,0.3823188712831665,0.669018261766005,0.669018261766005,-0.5399832892807808,-0.0020697447553877273,0.24144401775325347,0.5742866351472448,0.3823188712831665,0.669018261766005,-0.00922357399929495,0.0018849489286116166,-0.006330877714056004,0.007380010954612231,-0.0038865054988430807,0.030574597238590864
momentum_5d,0.10676771126456958,0.43709448435917697,0.7670763393625305,1.0,0.5054307717608667,0.315948114062595,0.805520680483852,0.7749773583100596,0.5135133792801931,1.0,0.5054307717608667,-0.01953868051712521,0.3241581670188431,0.9066712599720964,0.46306728525579177,0.46306728525579177,0.3965936073744534,0.09696407110495964,0.3800210771393505,0.30522931471833636,0.2552130574605873,0.11309603958572977,0.1958452036743491,-0.06676408402217822,0.10761976307649601,0.3631438326280047,0.12916475013217305,0.12659126066129983,-0.0015981162605910695,0.26139806988655057,0.024658197076331014,0.008419201496565016,0.5096691341598756,0.5628714306867001,0.6150777689370566,0.5308037295282665,0.6269334167901278,0.7932431454400002,0.675450716394465,0.697510413778544,0.173454934095477,0.6929383427727909,0.5292479219422153,0.5371981006793491,0.5879023836218368,0.007847924375336211,0.7729075982013373,0.3965936073744534,0.3965936073744534,0.0015025494280138869,0.018021283247828708,0.1027360941423025,0.4741357653690875,0.7729075982013373,0.3965936073744534,0.026899045097982795,0.02185357599442454,0.030742899955429306,-0.017884634874272904,-0.0748763950352885,0.013211769656136057
momentum_20d,0.18026001572166717,0.2315232991554714,0.39418289842580717,0.5054307717608667,1.0,0.6195456757594228,0.4091433507783427,0.845187109876646,0.8615699160274215,0.5054307717608667,1.0,-0.8725778900594032,0.012620966140087161,0.4687675604132049,0.9175808274306536,0.9175808274306536,0.7806345392337631,0.042852740545007165,0.21518800075843733,0.16331865741336613,0.26393110612504206,0.3149535744663672,0.3246152065772703,0.17082192585551534,0.2633912194494854,0.19449457875171766,0.15261042779158285,0.19531041008342456,-0.01708067441737642,0.1510225671100278,0.09096741993065212,0.03963201923702492,0.476740521530838,0.8523971366981798,0.6648130173832955,0.5893375028386991,0.7721617431595414,0.1238423792234876,0.548449266643511,0.6318743958985007,0.4346940424020175,0.029338230271615532,0.6630682844354275,0.44094873621228736,0.5543862111827317,0.20037693293712075,0.37119338173650596,0.7806345392337631,0.7806345392337631,-0.6719183514529935,-0.004990056018851184,0.2466130183130322,0.6164632918724597,0.37119338173650596,0.7806345392337631,-0.0005978063756122406,0.010436221949628802,0.0021743779523776393,0.012260252712876075,-0.013256306075375602,0.018437253036445733
momentum_diff,-0.14879312560002245,-0.020664022194870145,-0.02256700376270663,-0.01953868051712521,-0.8725778900594032,-0.5402617529652671,-0.01798679113746201,-0.5405960646295315,-0.7095391199719866,-0.01953868051712521,-0.8725778900594032,1.0,0.16891284391472966,-0.030031397608384316,-0.8010605839049246,-0.8010605839049246,-0.6800113419363669,0.005593997451095584,-0.034105987136802546,-0.01647764891324156,-0.16217898015462076,-0.30091406257379644,-0.2661495360007427,-0.23643941936769788,-0.24426862515414022,-0.019768225853493356,-0.10403812648188807,-0.15494042862209564,0.019009724024359954,-0.02724665284478196,-0.09140919427363522,-0.04111576845579739,-0.263855401769194,-0.6690462772027754,-0.42213862396579677,-0.3824094151631682,-0.528495238471688,0.3137964111994533,-0.25377702775555544,-0.3373048316416702,-0.40548571141162676,0.3571617891012214,-0.467210897707169,-0.20781211637821867,-0.30958909743783725,-0.22776606301658697,0.007212535828110897,-0.6800113419363669,-0.6800113419363669,0.7794062317059589,0.015905574667826147,-0.22757533307067968,-0.44591832925810443,0.007212535828110897,-0.6800113419363669,0.01608320611625446,0.0007937341405079824,0.01517092164982815,-0.02446235415987477,-0.02746404805925715,-0.013883666939599878
momentum_accel,0.007365001998877416,0.7057011427473433,0.4040194594975063,0.3241581670188431,0.012620966140087161,0.0014331196116473014,0.5265778561663326,0.09029249721189563,0.023462655511793083,0.3241581670188431,0.012620966140087161,0.16891284391472966,1.0,0.28608443973478925,0.007797255735111918,0.007797255735111918,0.00925361523595825,0.18165330318938153,0.22430032037660588,0.09341229962219857,0.030541870616912083,-0.01421319284172024,-0.037031553694342266,-0.05514517785720223,-0.010600420962888093,0.5974146557467342,0.07655623350663382,-0.010742770698627585,0.0015394596634926388,0.3996133688441227,-0.00994348624354247,-0.004155102056687683,0.10886205649087313,0.04206872920052318,0.12082845716831422,0.10859303751848093,0.08720484667364699,0.4025168273248869,-0.08641373960090443,0.15719879416567223,-0.05461727017947853,0.44093608702785203,0.06370983793810854,-0.06418836235823101,0.11228868484669911,-0.04063238517160043,0.24965232506905813,0.00925361523595825,0.00925361523595825,0.14188871906213577,0.14557770179265878,-0.01928243559077066,0.0643945517465229,0.24965232506905813,0.00925361523595825,0.035923259523828195,0.036523079886236244,0.030822362025583902,-0.04576330755617824,-0.11412564618897111,-0.0035921775768190884
relative_return_5d_vs_market,0.11286126615440678,0.39536966162635967,0.6990512872799131,0.9066712599720964,0.4687675604132049,0.30942193220465447,0.7266982283866923,0.7089276999836288,0.4834771495832139,0.9066712599720964,0.4687675604132049,-0.030031397608384316,0.28608443973478925,1.0,0.5108738002929574,0.5108738002929574,0.4375389837491687,0.10005453282654363,0.38082320092428906,0.3369321260691278,0.3111610470380335,0.13069339288033585,0.258919708868243,-0.03540414987836701,0.1187318239181736,0.34926086654431704,0.1750017861983957,0.14609370034532715,0.009767066910061508,0.23982787120206936,0.02622376826569461,0.00646040761484737,0.435336999558338,0.531967058096654,0.5368677445316262,0.5855715971897335,0.5592130221030593,0.6901687624373769,0.6009838783223803,0.6100563052935142,0.1808422768193058,0.5974178168246428,0.5837273394072734,0.5924958744726899,0.6485614560625806,0.008658456636254903,0.8524682679225679,0.4375389837491687,0.4375389837491687,0.0016591955169326241,0.01989018836798505,0.11333769981978119,0.5230568650383471,0.8524682679225679,0.4375389837491687,-0.00016326183820532405,-6.217834229030556e-05,-0.00019054178857932935,0.00025572215036958116,-0.00011850126496835792,4.6366035116992494e-05
relative_return_20d_vs_market,0.17478205860146326,0.2056961894165495,0.3594552735242639,0.46306728525579177,0.9175808274306536,0.602632685068163,0.3685057435041412,0.7712419799090771,0.8040304616063189,0.46306728525579177,0.9175808274306536,-0.8010605839049246,0.007797255735111918,0.5108738002929574,1.0,1.0,0.8507531805331486,0.04296121351230769,0.19649606553863394,0.17807968881860883,0.29455162103433885,0.34260946418023974,0.3541804544712731,0.2128594856694541,0.28704990304301975,0.18670564353516647,0.17584451241712185,0.19084471463601654,-0.012822017552687694,0.13909701693731644,0.08228424612051205,0.027676050396177123,0.40181686571204095,0.8151894095274359,0.5961874512843547,0.6422672344919019,0.6938951562406073,0.1085834923847725,0.48668413298880747,0.5571122014105746,0.4428311001649856,0.02618831616720734,0.7226228199092483,0.4805502515310011,0.6041772524366129,0.21837022347031187,0.4045345432957369,0.8507531805331486,0.8507531805331486,-0.7322712760196287,-0.005441948118964314,0.26875862490874625,0.6718288097729922,0.4045345432957369,0.8507531805331486,-7.370769399892775e-05,-1.9075436507602514e-05,-7.674187743789447e-05,0.0001124769571338615,-0.00010191424145776134,2.1461368969137825e-05
relative_return_20d_vs_sector,0.17478205860146326,0.2056961894165495,0.3594552735242639,0.46306728525579177,0.9175808274306536,0.602632685068163,0.3685057435041412,0.7712419799090771,0.8040304616063189,0.46306728525579177,0.9175808274306536,-0.8010605839049246,0.007797255735111918,0.5108738002929574,1.0,1.0,0.8507531805331486,0.04296121351230769,0.19649606553863394,0.17807968881860883,0.29455162103433885,0.34260946418023974,0.3541804544712731,0.2128594856694541,0.28704990304301975,0.18670564353516647,0.17584451241712185,0.19084471463601654,-0.012822017552687694,0.13909701693731644,0.08228424612051205,0.027676050396177123,0.40181686571204095,0.8151894095274359,0.5961874512843547,0.6422672344919019,0.6938951562406073,0.1085834923847725,0.48668413298880747,0.5571122014105746,0.4428311001649856,0.02618831616720734,0.7226228199092483,0.4805502515310011,0.6041772524366129,0.21837022347031187,0.4045345432957369,0.8507531805331486,0.8507531805331486,-0.7322712760196287,-0.005441948118964314,0.26875862490874625,0.6718288097729922,0.4045345432957369,0.8507531805331486,-7.370769399892775e-05,-1.9075436507602514e-05,-7.674187743789447e-05,0.0001124769571338615,-0.00010191424145776134,2.1461368969137825e-05
momentum_rank_pct,0.11155665385998886,0.18152632111802436,0.309490386320988,0.3965936073744534,0.7806345392337631,0.4490742265029528,0.3244738080827671,0.6772120351994874,0.669018261766005,0.3965936073744534,0.7806345392337631,-0.6800113419363669,0.00925361523595825,0.4375389837491687,0.8507531805331486,0.8507531805331486,1.0,0.046989358076000395,0.18373061258245058,0.18142971392016688,0.19446782439826335,0.22376349584322694,0.2385374004489076,0.1213632181144155,0.21561184227644092,0.16655158322480704,0.12467403874194867,0.14383121381211883,-0.022725298946711603,0.15401545651906406,0.046518721969683194,0.021207626740778213,0.4969424299382156,0.6000286849830966,0.6956397885014219,0.7580007956564003,0.7350522046279416,0.12678373772009474,0.44946878348678837,0.6485025571419396,0.21806446775452762,0.0413310461013431,0.8362030218617281,0.5136174899668287,0.720690535958586,0.13814134606212816,0.4362814040906188,1.0,1.0,-0.833498162799495,-0.004549989548495194,0.1543460078100807,0.7298318283989392,0.4362814040906188,1.0,-5.313774919309174e-05,7.99799943723136e-07,-5.6059941687361206e-05,0.00013884563764169201,-0.00014274757372548984,4.6868303666215734e-05
volume_change_1d,0.005678431710825185,0.25013887673537444,0.13377807402183944,0.09696407110495964,0.042852740545007165,0.01510150494957584,0.17038981506971426,0.08484514875365122,0.04012880352217879,0.09696407110495964,0.042852740545007165,0.005593997451095584,0.18165330318938153,0.10005453282654363,0.04296121351230769,0.04296121351230769,0.046989358076000395,1.0,0.6401202657913517,0.2828396031774786,0.10511297255040565,0.048049882834535214,0.047652684764109755,0.007686885987277438,0.05292635626710037,0.21026978703793264,0.16874514565425147,0.02709968213491385,0.11738761659358483,0.06419984003329715,-0.02046429344039856,-0.02096399293726796,0.04328394018967929,0.05697954668881524,0.06932301098584752,0.06675947056050592,0.06819143332427476,0.09447159872404388,0.03247938494612327,0.10368981050559958,0.0005855991319960708,0.10306814663287053,0.06599583763807351,0.0420109266619953,0.08188151825783836,0.027334262892476997,0.08005085842203447,0.046989358076000395,0.046989358076000395,0.005892039034639585,0.431551158884825,0.01764078108481742,0.05913098761125646,0.08005085842203447,0.046989358076000395,-0.0009469559413343155,0.00469896071483181,0.0001858493203862611,0.003010783136679364,-0.01669027970627928,-0.009369802284958156
relative_trading_value,0.07019473569689369,0.3566293408678046,0.3996587202582342,0.3800210771393505,0.21518800075843733,0.09071950505274572,0.4239523458597918,0.3604806548008502,0.19812791923896186,0.3800210771393505,0.21518800075843733,-0.034105987136802546,0.22430032037660588,0.38082320092428906,0.19649606553863394,0.19649606553863394,0.18373061258245058,0.6401202657913517,1.0,0.6391081480052505,0.28021617599556164,0.03747509110295112,0.22207835303945406,-0.026786518745617344,0.04915107662038698,0.2914656894832905,0.2887741144855661,0.13316312049222317,0.14956137945031278,0.12145330670326776,0.0018345226093405827,-0.0039028638070983837,0.22116306396057164,0.23994944088744488,0.27387922493301475,0.2508521466768136,0.29328606060484036,0.2951291743816472,0.2710959535414836,0.3436617630912369,0.04476390557496948,0.2608742058403548,0.24480738082464387,0.25257999717951346,0.2866456986360086,0.006183685111233363,0.28386594265040765,0.1837306125824506,0.1837306125824506,-0.019394651072138405,0.36669009421244003,0.030726399604224533,0.1997585944573795,0.28386594265040765,0.1837306125824506,0.00391047478006778,0.008791541323839941,0.0022007248980016863,0.012511417868552336,-0.022300863595229578,0.005490894410750047
trading_value_rank_pct,0.08916363375839215,0.1968692649336892,0.28145827360901293,0.30522931471833636,0.16331865741336613,0.0712236373945566,0.293771508126878,0.2998949326074598,0.15533828074493292,0.30522931471833636,0.16331865741336613,-0.01647764891324156,0.09341229962219857,0.3369321260691278,0.17807968881860883,0.17807968881860883,0.18142971392016688,0.2828396031774786,0.6391081480052505,1.0,0.18131567929509365,-0.0941920285857175,0.13751954656360954,-0.11271825367947742,-0.1058443798397199,0.16765121298157165,0.17652137133093598,0.09126845059753069,0.16069043322419704,0.10908174818912583,0.03345288048450401,0.03664496731081247,0.306127931361711,0.16434889508341133,0.2907071318518924,0.3124652662055337,0.25402330086353636,0.24861737851953183,0.27764457341501175,0.3007300725248404,-0.04781660056480858,0.21735111033245566,0.2660313919793762,0.314979094789673,0.31745426361561374,-0.11768264486343102,0.32137470792896783,0.18142971392016682,0.18142971392016682,-0.025971903119075483,0.4491423221129625,-0.08403932986315032,0.17279799136727894,0.32137470792896783,0.18142971392016682,-9.485035839648847e-07,-3.902283970273892e-05,2.0213732051633607e-05,-0.00014619760151936205,8.334777894302597e-05,-0.0001292240246951707
volatility_5d,0.11224286909782429,0.10841945709428531,0.18890288893812832,0.2552130574605873,0.26393110612504206,0.283617889361763,0.16512864220221715,0.2577287903061374,0.29385133428233906,0.2552130574605873,0.26393110612504206,-0.16217898015462076,0.030541870616912083,0.3111610470380335,0.29455162103433885,0.29455162103433885,0.19446782439826335,0.10511297255040565,0.28021617599556164,0.18131567929509365,1.0,0.6767466158328711,0.8128789785542473,0.632665328880066,0.5434597559609406,0.07962355604836518,0.2848637526131785,0.27766118904246073,0.13191923472989225,0.038251255739658846,0.0886154152847015,0.030597981309099877,-0.24037754597531913,0.4686881918797372,0.12588153096012286,0.16371496662342502,0.1902564199122925,0.08610565382815734,0.10978971721037466,0.16764042425335146,0.5330340438389634,0.07843578005156167,0.2141441263364646,0.18305566526435635,0.20605613433811543,0.5015127236185606,0.20279582007265387,0.19446782439826343,0.19446782439826343,-0.09223728965026663,-0.049681936980958304,0.41045650313647764,0.37739784965887174,0.20279582007265387,0.19446782439826343,-0.005624759733759982,0.011624882893154043,-0.010714372733512806,0.00697716545490478,-0.0025417690465552546,0.04028170300567286
volatility_20d,0.10378245821751138,0.04850183985618997,0.08351864711290503,0.11309603958572977,0.3149535744663672,0.37566165054520595,0.06190120640122326,0.19847850863987684,0.334723442137019,0.11309603958572977,0.3149535744663672,-0.30091406257379644,-0.01421319284172024,0.13069339288033585,0.34260946418023974,0.34260946418023974,0.22376349584322694,0.048049882834535214,0.03747509110295112,-0.0941920285857175,0.6767466158328711,1.0,0.7391241361270048,0.8721154123934292,0.7974044865755789,0.02699669278783522,0.31136030080619664,0.30904812131726606,0.04866085176994063,0.009510236364692204,0.11643276542770856,0.03654177213219721,-0.4342034709763038,0.5728983561462329,0.086315392249802,0.09170032345258901,0.17511554958502246,-0.03671930754362554,0.009302877799458636,0.11563923804000112,0.745231259207395,-0.03406069315014026,0.17496592586294354,0.04926276774516744,0.1267410354316184,0.712360977916786,0.03641297184676216,0.22376349584322694,0.22376349584322694,-0.20616409347498263,-0.03466925569142903,0.6100439014468132,0.4446216034420814,0.03641297184676216,0.22376349584322694,-0.004142643564402348,0.0176113154514154,-0.00480266246016541,-0.004782311406816824,0.0049406796610523196,0.0381978406623698
intraday_range_5d,0.07891842903834119,0.05133628978685895,0.12240397768129696,0.1958452036743491,0.3246152065772703,0.37554593406393066,0.0963413482536012,0.26956111681397377,0.36371986708323356,0.1958452036743491,0.3246152065772703,-0.2661495360007427,-0.037031553694342266,0.258919708868243,0.3541804544712731,0.3541804544712731,0.2385374004489076,0.047652684764109755,0.22207835303945406,0.13751954656360954,0.8128789785542473,0.7391241361270048,1.0,0.8098089403581691,0.6293233858521998,0.03241259193724911,0.43138031296582213,0.4099008936764672,0.07048915785628874,0.015028868708013647,0.08007463941087144,0.0048422343288207935,-0.32892128650235497,0.5581992068508999,0.12472765961757545,0.17715301088384897,0.21842103051799117,0.005021790930025664,0.08946517448648454,0.16113589600890008,0.6559775589127023,-0.0027791193873231653,0.24884648953920224,0.16404740668739168,0.2159403550737559,0.6749991986007734,0.1441805856478036,0.2385374004489076,0.2385374004489076,-0.16555974311769364,-0.053355967683278126,0.5263253517704265,0.4603731761687055,0.1441805856478036,0.2385374004489076,-0.01395308308165144,0.007543332714906325,-0.015482332796802197,0.009770854218973493,0.026056365305310518,0.03834279726598066
atr_percent,0.06517745649401377,-0.05895446996734889,-0.07564883632049857,-0.06676408402217822,0.17082192585551534,0.32713221260876796,-0.1062448710679462,0.009044499992685367,0.2218015210326308,-0.06676408402217822,0.17082192585551534,-0.23643941936769788,-0.05514517785720223,-0.03540414987836701,0.2128594856694541,0.2128594856694541,0.1213632181144155,0.007686885987277438,-0.026786518745617344,-0.11271825367947742,0.632665328880066,0.8721154123934292,0.8098089403581691,1.0,0.7108322614181894,-0.06457294117383829,0.3498413140329789,0.34829497029514206,0.03548834515480486,-0.04225339060345177,0.10061379131416787,0.018006293708163555,-0.5743043486953289,0.43417694142210517,-0.047941163628933824,-0.002038135641571143,0.04615456460839487,-0.1519040398302228,-0.17521403277014375,-0.028574131650007432,0.718164768277255,-0.12073170419280331,0.08206224271909425,-0.0709817573133093,0.023503462593579775,0.790476601676882,-0.08592439656537358,0.1213632181144155,0.1213632181144155,-0.16587337911413028,-0.044101626319113435,0.5927666915787047,0.35810141812034946,-0.08592439656537358,0.1213632181144155,-0.011448520375922902,0.018135398440074443,-0.012499956688848094,-0.0004488938676211788,0.024833269405891062,0.015701247656535633
volatility_rank_pct,0.06633834750227073,0.04070804447684623,0.0783429083387022,0.10761976307649601,0.2633912194494854,0.2861090867537497,0.06417596633403007,0.1812458107737148,0.27003872831886283,0.10761976307649601,0.2633912194494854,-0.24426862515414022,-0.010600420962888093,0.1187318239181736,0.28704990304301975,0.28704990304301975,0.21561184227644092,0.05292635626710037,0.04915107662038698,-0.1058443798397199,0.5434597559609406,0.7974044865755789,0.6293233858521998,0.7108322614181894,1.0,0.021188839833855364,0.2608017935640013,0.26022234834541635,0.05781814779446786,0.0008528478102047476,0.04884951175945303,-0.009382225470851126,-0.3454678205969685,0.4626365421370727,0.09384449769030712,0.09724090966052272,0.18574809766660205,-0.021909787189004,0.03618041876855177,0.12719410197769726,0.6089004150046425,-0.03202642801338364,0.18744510718741073,0.040931086551199695,0.13408094441864774,0.8788898908978034,0.04167649209180305,0.21561184227644092,0.21561184227644092,-0.19732038443881417,-0.0387374828549757,0.7272672798739961,0.5032241998776943,0.04167649209180305,0.21561184227644092,-0.0001270500034338806,-0.00011685588306839314,-0.00012286438335582658,1.24970413743893e-05,-4.9372427834683175e-05,-8.777843984529027e-05
body,0.04240600584322897,0.8551966662096554,0.48026604982044035,0.3631438326280047,0.19449457875171766,0.1228647521080511,0.620792490791444,0.3321831883035514,0.2024773898699881,0.3631438326280047,0.19449457875171766,-0.019768225853493356,0.5974146557467342,0.34926086654431704,0.18670564353516647,0.18670564353516647,0.16655158322480704,0.21026978703793264,0.2914656894832905,0.16765121298157165,0.07962355604836518,0.02699669278783522,0.03241259193724911,-0.06457294117383829,0.021188839833855364,1.0,0.16786162057531057,-0.03317529900596844,-0.01553381583977339,0.6686880448097128,-0.0001226880339559752,-0.002493104827119011,0.27320432447939597,0.234269381080015,0.3275028360378394,0.3084754545895068,0.2784250393509893,0.35514974585339265,0.14927816392347545,0.3651727390312805,0.025867078343937387,0.3572628086940522,0.252645478171681,0.14085359297301936,0.3088498089604821,-0.040164453980675065,0.31177429787834066,0.16655158322480706,0.16655158322480706,-0.0036020019400552286,0.16658810828094087,0.01541248477122847,0.23939743857052054,0.31177429787834066,0.16655158322480706,0.03431880670747588,0.04064790974824856,0.03220389483400583,-0.040526403468680125,-0.03439974140719179,0.027640776865843302
upper_shadow,0.03761376148802271,0.1352634806205573,0.11638584300343735,0.12916475013217305,0.15261042779158285,0.16716251430225643,0.1234435214469854,0.1486198937884823,0.16748020251319815,0.12916475013217305,0.15261042779158285,-0.10403812648188807,0.07655623350663382,0.1750017861983957,0.17584451241712185,0.17584451241712185,0.12467403874194867,0.16874514565425147,0.2887741144855661,0.17652137133093598,0.2848637526131785,0.31136030080619664,0.43138031296582213,0.3498413140329789,0.2608017935640013,0.16786162057531057,1.0,0.07618000085237261,-0.3423941275329061,-0.18281582881925262,0.02545346552761662,-0.007634323906315324,-0.13690879634324962,0.2604198354576731,0.061687106061481374,0.10370855428322893,0.12004143870554328,0.05521846235718065,0.05094703640306173,0.11078158080527245,0.27923317500277073,0.05317835962506042,0.15009549172925724,0.09001267665457865,0.15220118023863694,0.2901715215137007,0.11802578907033037,0.12467403874194868,0.12467403874194868,-0.060335785255382766,0.13211319888230283,0.22383373819387783,0.23247712739063345,0.11802578907033037,0.12467403874194868,-0.01680722143380897,-0.009530355636941918,-0.018014148554336397,0.005796476896019388,0.03948636208204145,0.031093214941783454
lower_shadow,0.037438439658032174,0.03535006813926192,0.11772948795363306,0.12659126066129983,0.19531041008342456,0.2223297386242413,0.09856259144102066,0.17342330733309896,0.22193111001914367,0.12659126066129983,0.19531041008342456,-0.15494042862209564,-0.010742770698627585,0.14609370034532715,0.19084471463601654,0.19084471463601654,0.14383121381211883,0.02709968213491385,0.13316312049222317,0.09126845059753069,0.27766118904246073,0.30904812131726606,0.4099008936764672,0.34829497029514206,0.26022234834541635,-0.03317529900596844,0.07618000085237261,1.0,-0.3579841135019739,0.32602083623531475,0.03722261914712043,0.0034976615018783644,-0.09350933552207558,0.29895954727839247,0.1291762208180136,0.15054298747469383,0.15751330921423803,0.03010628679419158,0.06327573347495695,0.12406887284782145,0.29768093929427303,0.022036909924451238,0.1604797402321958,0.08513831521818303,0.13758557976304833,0.2911747600866569,0.10023972206669438,0.14383121381211872,0.14383121381211872,-0.09504061820930082,-0.00022109533136449534,0.23436497169605597,0.2667361783679906,0.10023972206669438,0.14383121381211872,-0.003833736981914319,0.027932147815183873,-0.006626061986417291,0.022719765583490422,-0.02069231712432997,0.01544260350792737
body_ratio,0.023038841303970214,5.461352641071779e-05,0.0042312000594892174,-0.0015981162605910695,-0.01708067441737642,-0.01834806874190916,-0.0005506034601173876,-0.01241048507518212,-0.019092450376747377,-0.0015981162605910695,-0.01708067441737642,0.019009724024359954,0.0015394596634926388,0.009767066910061508,-0.012822017552687694,-0.012822017552687694,-0.022725298946711603,0.11738761659358483,0.14956137945031278,0.16069043322419704,0.13191923472989225,0.04866085176994063,0.07048915785628874,0.03548834515480486,0.05781814779446786,-0.01553381583977339,-0.3423941275329061,-0.3579841135019739,1.0,-0.03543182382635807,0.011174740268578613,0.010612621551302591,-0.0356630194103222,-0.0011896192912968714,-0.00777058103409599,-0.003702195633753098,-0.010600148402462137,-0.004919467368124373,-0.009234316625356126,-0.002734662043336573,0.01336389969396646,-0.0027293587496315915,-0.011865927465153806,-0.004717300610700918,0.0007494326646897479,0.034805636882092976,-0.003824623951757186,-0.0227252989467116,-0.0227252989467116,0.022911098017873853,0.16724466687984896,0.020069191817989596,-0.008351032835544411,-0.003824623951757186,-0.0227252989467116,-0.014945800897758568,-0.018533644038318274,-0.016093091443690293,0.02343003879356646,0.009684168975042196,-0.005914864894229889
close_position,0.03054510421772226,0.5864265429076385,0.34600393403326934,0.26139806988655057,0.1510225671100278,0.1074557910824029,0.4429705034702946,0.24793660926273298,0.16564090855153069,0.26139806988655057,0.1510225671100278,-0.02724665284478196,0.3996133688441227,0.23982787120206936,0.13909701693731644,0.13909701693731644,0.15401545651906406,0.06419984003329715,0.12145330670326776,0.10908174818912583,0.038251255739658846,0.009510236364692204,0.015028868708013647,-0.04225339060345177,0.0008528478102047476,0.6686880448097128,-0.18281582881925262,0.32602083623531475,-0.03543182382635807,1.0,0.0010779276443817088,-0.0005785271867853335,0.23099679985550098,0.1792023493637933,0.3510615679690563,0.33089600424487103,0.2817650665361153,0.30358724257556424,0.11366369891133826,0.3458574892986361,0.018285641450272467,0.3031935596570917,0.25688691247509315,0.11391289169314278,0.30374300074559507,-0.04232801611674858,0.2703979016347473,0.15401545651906406,0.15401545651906406,-0.024546348988489813,0.08165766190918607,0.007383921798544386,0.24026133464084926,0.2703979016347473,0.15401545651906406,0.03696276660369455,0.050116599098007884,0.032053104152130515,-0.02514890828479684,-0.03891219630473888,0.025982867014911263
high_20d,0.21605902122824683,0.004654194126632187,0.014602255966121849,0.024658197076331014,0.09096741993065212,0.16500805898052986,0.01057544947526047,0.057399174259003614,0.1340219417211942,0.024658197076331014,0.09096741993065212,-0.09140919427363522,-0.00994348624354247,0.02622376826569461,0.08228424612051205,0.08228424612051205,0.046518721969683194,-0.02046429344039856,0.0018345226093405827,0.03345288048450401,0.0886154152847015,0.11643276542770856,0.08007463941087144,0.10061379131416787,0.04884951175945303,-0.0001226880339559752,0.02545346552761662,0.03722261914712043,0.011174740268578613,0.0010779276443817088,1.0,0.9793061507807385,-0.057344584405756564,0.10219532638249386,0.020384032626267094,0.022893798240228462,0.06489214044475702,-0.024412036403779508,-0.01958400811360134,0.028616369253530435,0.12389658575367268,-0.01833326681537113,0.045847721288575886,-0.007510159771454952,0.027635908693015222,0.01217640507457984,0.008731108051650836,0.046518721969683194,0.046518721969683194,-0.04868969391666344,0.004548338484503168,0.05084167925769697,0.041775404047297716,0.008731108051650836,0.046518721969683194,-0.003881374390766347,0.008564708698619935,-0.004604411265097237,0.003574184752425983,0.007931657001571765,0.009252035458536667
low_20d,0.17052704288139348,0.0016095166280982905,0.004927889717781781,0.008419201496565016,0.03963201923702492,0.09942377479821005,0.0037754625801172175,0.02460211457204142,0.07782660820059087,0.008419201496565016,0.03963201923702492,-0.04111576845579739,-0.004155102056687683,0.00646040761484737,0.027676050396177123,0.027676050396177123,0.021207626740778213,-0.02096399293726796,-0.0039028638070983837,0.03664496731081247,0.030597981309099877,0.03654177213219721,0.0048422343288207935,0.018006293708163555,-0.009382225470851126,-0.002493104827119011,-0.007634323906315324,0.0034976615018783644,0.010612621551302591,-0.0005785271867853335,0.9793061507807385,1.0,-0.006027521191079634,0.02590557281086563,0.012887484852322321,0.013418303571418964,0.04231205465650239,-0.016962130181942228,-0.02362256923348522,0.016432085239823674,0.026299105691531082,-0.012022191863077816,0.025994706346798825,-0.01565480561377088,0.013194124180014167,-0.04514324633147572,0.0036231522416624515,0.021207626740778193,0.021207626740778193,-0.02425433756110226,0.007668329439571297,-0.01510539378240024,-0.0010628808456128978,0.0036231522416624515,0.021207626740778193,-0.0019352168973955184,0.007455583363795319,-0.0026999400684506155,0.0020667835592869535,0.005337189326890586,0.007233806477117769
